20231113 105822 7101598668348 DK07701 36.100 000000904198 2023-11-13
20231113 092858 7101598668348 DK08302 35.970 000000309071 2023-11-13
20231113 085241 7101598668348 DK10909 36.000 000000744490 2023-11-13
20231113 084232 7101598668348 DK10510 35.990 000000309053 2023-11-13
20231113 083148 7101598668348 DK09501 35.920 000000309014 2023-11-13
20231113 082943 7101598668348 DK10405 35.990 000000309043 2023-11-13
20231113 082937 7101598668348 DK10405 35.970 000000309043 2023-11-13
20231113 082856 7101598668348 DK10803 35.910 000000744489 2023-11-13
20231113 082826 7101598668348 DK09801 35.960 000000309017 2023-11-13
20231113 082803 7101598668348 DK10403 36.000 000000309042 2023-11-13
20231113 082545 7101598668348 DK09902 35.920 000000309020 2023-11-13
20231113 082532 7101598668348 DK09901 35.980 000000309059 2023-11-13
20231113 082242 7101598668348 DK08603 35.950 000000309003 2023-11-13
20231113 082228 7101598668348 DK10709 36.000 000000213083 2023-11-13
20231113 082220 7101598668348 DK09302 35.990 000000309012 2023-11-13
20231113 082145 7101598668348 DK11005 35.900 000000744502 2023-11-13
20231113 082048 7101598668348 DK07801 35.990 000000308996 2023-11-13
20231113 082039 7101598668348 DK10709 36.440 000000213083 2023-11-13
20231113 081832 7101598668348 DK11109 35.950 DK11109 2023-11-13
20231113 081646 7101598668348 DK08602 35.920 000000309002 2023-11-13
20231113 081638 7101598668348 DK10805 35.940 000000309060 2023-11-13
20231113 081534 7101598668348 DK09802 35.900 000000309018 2023-11-13
20231113 081320 7101598668348 DK09601 35.980 000000309015 2023-11-13
20231113 081236 7101598668348 DK10202 35.930 000000309024 2023-11-13
20231113 080926 7101598668348 DK10501 36.010 000000309046 2023-11-13
20231113 080726 7101598668348 DK10204 35.920 000000309025 2023-11-13
20231113 080532 7101598668348 DK10301 35.900 000000309032 2023-11-13
20231113 080320 7101598668348 DK10303 35.980 000000309034 2023-11-13
20231113 075912 7101598668348 DK10311 35.900 000000309039 2023-11-13
20231113 074919 7101598668348 DK10312 36.000 000000309040 2023-11-13
20231113 074434 7101598668348 DK10210 35.900 000000309030 2023-11-13